2017105713 30 15 0 0 0 0 0 0 0 0 0 0 0 0 0 0 0 0 0
2017105714 15 0 0 0 0 0 0 0 15 0 0 0 15 0 0 0 0 0 0
2017103949 30 30 0 30 30 0 0 20 20 20 20 20 100 20 0 6 0 20 46
2016104100 30 30 22.5 30 0 0 30 20 20 20 20 15 95 20 5 16 0 0 41
2017103956 30 30 30 30 30 0 30 20 15 20 18 15 88 20 20 16 5 20 81
2018102160 30 30 0 30 30 30 30 20 20 20 20 20 100 15 0 20 0 0 35
2014103231 30 30 30 30 30 30 22.5 20 20 20 20 20 100 20 20 20 20 0 80
2013101775 30 30 30 30 30 30 30 20 20 20 20 20 100 20 20 11 20 5 76
2014104080 30 30 30 30 30 0 30 20 20 20 20 20 100 20 20 16 20 20 96
2018102169 30 0 22.5 0 0 0 30 20 20 20 20 20 100 20 10 20 0 0 50
2012103145 30 25 0 18 0 0 22.5 20 20 20 20 20 100 10 0 8 0 0 18
2018102172 30 30 15 30 30 0 22.5 20 20 20 18 14 92 20 5 16 20 0 61
2014103919 30 30 0 30 0 0 0 20 10 20 20 16 86 0 0 0 0 0 0
2014103240 30 30 30 30 30 30 0 15 15 20 16 14 80 20 10 8 20 0 58
2017103979 30 30 30 0 30 0 0 20 20 20 20 20 100 20 15 14 0 0 49
2017103981 30 30 30 30 30 30 30 20 20 20 20 20 100 20 20 20 20 20 100
2018102189 0 0 15 30 30 0 0 15 20 20 18 14 87 0 0 16 0 0 16
2015104036 0 0 0 0 0 0 0 5 20 20 4 4 53 0 0 0 0 0 0
2014102700 30 30 0 30 0 0 0 20 20 5 8 20 73 20 0 0 10 0 30
2014103960 30 0 0 0 0 0 0 5 10 0 12 0 27 0 0 0 0 0 0
2018102203 30 20 0 30 12 0 0 20 20 20 20 20 100 0 0 0 0 0 0
2014103251 30 30 30 30 30 0 30 20 20 20 20 20 100 20 20 20 20 20 100
2018102213 30 30 30 30 12 30 0 20 20 20 20 20 100 20 0 8 5 0 33
2017103881 30 30 0 0 0 0 0 15 20 20 8 9 72 20 0 0 0 0 20
2014100979 30 30 22.5 30 9 0 0 20 20 20 14 20 94 20 5 0 0 0 25
2013101678 30 0 0 30 0 0 0 20 20 20 20 20 100 0 0 0 0 0 0
2013103970 30 10 0 30 0 0 0 20 20 20 20 13 93 20 0 0 0 0 20
2018104045 30 30 0 30 0 0 0 10 20 20 20 15 85 20 20 20 0 0 60
2016104144 30 20 0 30 0 0 22.5 20 20 20 20 20 100 20 5 6 0 0 31
2016110565 30 0 7.5 0 9 0 0 15 20 20 6 9 70 20 0 8 0 0 28
2014100986 30 30 0 0 0 0 22.5 15 15 0 6 13 49 20 0 6 0 0 26
2016104031 30 0 0 0 0 0 0 5 10 0 14 0 29 10 0 0 0 0 10
2018102130 30 20 0 30 0 0 0 5 20 0 0 13 38 15 0 0 0 0 15
2016104046 30 30 0 30 12 0 0 20 20 20 20 14 94 20 20 16 0 0 56
2018102138 30 20 0 0 0 0 0 5 20 20 8 11 64 0 0 0 0 0 0
2016110566 30 25 0 30 0 0 0 5 20 20 6 4 55 20 0 0 0 0 20
2018102228 30 20 0 12 0 0 0 20 20 20 14 12 86 10 0 4 0 0 14
2012103174 30 30 0 12 0 30 22.5 20 20 20 12 20 92 20 20 20 0 20 80
2015110154 30 20 0 12 0 0 0 0 15 0 0 13 28 0 0 0 0 0 0
2018102140 30 20 7.5 0 3 0 0 5 20 20 10 20 75 15 0 8 0 0 23
2014101550 30 30 0 30 0 0 0 20 5 20 20 12 77 10 10 0 0 0 20
2014103265 30 30 30 30 30 30 30 20 20 20 20 20 100 20 20 20 20 20 100
2015104236 30 30 0 30 30 0 0 20 20 20 20 20 100 20 0 10 0 20 50
2012104264 30 30 0 30 30 30 22.5 20 20 20 20 20 100 20 5 12 10 0 47
2018102161 30 30 30 30 0 30 0 20 20 20 20 20 100 20 20 8 20 0 68
2015103977 30 20 22.5 30 18 0 30 20 20 20 20 20 100 20 20 20 20 0 80
2018102095 30 0 0 0 0 0 0 5 20 20 0 0 45 15 0 0 0 0 15
2017103969 30 25 30 30 30 30 30 15 20 20 18 16 89 20 0 0 5 20 45
2018102170 30 0 0 0 0 0 30 20 20 20 8 16 84 10 0 0 0 0 10
2017103967 30 30 30 30 30 30 30 20 20 20 20 20 100 20 20 20 20 20 100
2017103043 30 30 0 30 30 30 0 15 20 20 16 20 91 15 0 0 0 0 15
2016101876 30 20 0 0 0 0 0 15 15 0 18 20 68 0 10 4 0 0 14
2016110310 30 10 0 30 0 0 0 15 20 0 4 4 43 10 0 4 0 0 14
2012103829 30 30 30 30 12 0 30 20 20 20 20 20 100 20 15 6 0 20 61
2011104003 30 30 0 30 6 30 0 20 20 20 20 5 85 20 20 14 0 0 54
2018102187 0 0 0 0 0 0 0 0 0 0 0 0 0 0 0 0 0 0 0
2013104068 30 30 15 30 30 0 30 20 20 20 20 20 100 20 20 20 15 20 95
2016104119 30 20 0 30 0 0 0 15 15 20 14 15 79 0 0 0 0 0 0
2018102188 30 20 0 30 0 0 0 20 20 20 12 20 92 20 0 10 0 0 30
2013100204 30 0 0 30 0 0 0 5 15 0 0 9 29 0 0 0 0 0 0
2015104027 30 30 30 30 30 30 30 20 20 20 20 20 100 20 20 16 10 0 66
2013103434 30 30 30 30 30 30 30 20 20 20 20 20 100 20 20 20 20 20 100
2016101029 30 15 0 30 0 0 0 20 20 20 20 20 100 20 20 0 0 0 40
2014104121 30 0 0 30 0 0 0 20 15 20 16 16 87 10 0 4 0 0 14
2018102210 30 20 30 12 0 0 0 20 20 20 20 20 100 10 0 0 0 0 10
2013100273 30 30 15 30 12 0 0 15 20 20 18 0 73 0 10 20 0 0 30
2013103966 30 30 7.5 30 0 0 0 20 20 20 18 20 98 20 20 0 0 0 40
2012100308 30 30 7.5 30 0 0 0 20 20 20 16 20 96 20 0 0 0 0 20
2018102127 30 30 15 30 12 0 0 15 15 20 10 14 74 0 0 0 0 0 0
2014104019 30 30 15 30 30 0 0 20 20 20 20 20 100 20 0 8 20 20 68
2011104038 30 30 22.5 30 30 0 30 20 20 20 20 20 100 20 0 6 0 0 26
2017100918 30 30 30 30 30 0 30 20 20 20 20 20 100 20 5 4 0 0 29
2017104022 30 30 15 30 30 0 0 20 20 20 20 20 100 10 20 0 0 0 30
2012104016 30 0 0 30 0 0 0 15 15 20 0 5 55 0 0 0 0 0 0
2014103221 30 30 30 30 0 0 30 20 20 20 20 16 96 10 0 6 0 0 16
2018102235 30 30 30 30 30 30 0 20 20 20 14 20 94 20 15 4 0 0 39
2017104029 30 30 7.5 30 30 30 0 20 20 20 20 20 100 20 20 20 20 20 100
2018102143 30 30 0 30 30 30 30 20 20 20 20 20 100 20 20 20 0 20 80
2015103295 30 0 0 30 0 0 0 0 20 0 10 10 40 0 0 0 0 0 0
2016104168 30 30 30 30 30 30 0 20 20 20 20 20 100 20 15 20 0 20 75
2018102148 30 15 0 30 30 0 0 20 20 20 8 15 83 10 0 0 0 0 10
2017101319 30 30 30 30 30 30 15 20 20 20 14 15 89 20 15 8 0 0 43
2018102251 30 30 15 30 0 0 0 10 15 20 12 15 72 20 0 6 0 0 26
2016105960 30 0 0 0 0 0 0 5 0 0 0 1 6 0 0 0 0 0 0
2018102091 30 20 0 30 0 0 0 20 20 20 16 8 84 20 5 6 0 0 31
2013104050 30 30 30 30 30 0 0 20 20 20 20 20 100 20 20 20 0 20 80
2013104051 30 30 30 30 0 30 30 20 20 20 20 15 95 20 20 0 10 0 50
2018102162 30 30 30 30 0 30 0 20 20 20 20 20 100 0 20 6 5 0 31
2018102094 30 10 0 0 0 0 0 0 20 20 20 0 60 10 0 6 0 0 16
2017103042 30 30 22.5 30 0 0 30 20 20 20 10 20 90 20 20 4 0 0 44
2018102173 30 20 22.5 0 0 0 0 20 20 20 12 20 92 0 0 0 0 0 0
2016103946 30 30 30 30 3 0 30 20 20 5 16 14 75 20 15 20 20 0 75
2016110551 30 10 0 30 0 0 0 5 20 20 10 0 55 20 0 4 0 0 24
2013104072 30 30 30 30 30 30 30 20 20 20 20 20 100 20 20 20 20 20 100
2016100566 30 20 0 30 0 0 22.5 20 20 20 18 14 92 20 0 4 0 0 24
2017103988 30 30 0 0 12 30 0 15 15 0 8 13 51 20 0 6 0 0 26
2017103849 0 20 15 30 0 30 0 15 20 0 16 14 65 10 0 4 0 0 14
2013104081 30 30 30 30 30 30 30 20 20 20 20 20 100 20 20 20 20 20 100
2012104306 30 30 30 30 30 30 30 20 20 20 20 16 96 20 20 20 0 0 60
2016110555 30 0 0 30 0 0 0 0 20 20 8 8 56 10 0 0 0 0 10
2017103995 30 30 22.5 30 30 0 0 20 20 20 20 15 95 20 20 8 0 0 48
2016110557 30 0 15 0 0 0 0 5 20 0 8 0 33 0 0 6 0 0 6
2016110558 30 30 0 0 0 0 0 20 20 0 0 7 47 0 0 0 0 0 0
2015101934 30 30 7.5 30 12 0 0 20 20 20 20 16 96 0 0 4 0 0 4
2018102118 30 30 30 30 30 30 30 20 20 20 20 20 100 20 20 20 20 20 100
2014102770 30 30 30 30 30 0 30 20 20 20 20 20 100 20 20 0 0 20 60
2018102206 30 30 22.5 30 30 0 30 20 20 20 20 20 100 20 20 20 10 20 90
2015110152 30 20 0 30 0 0 0 5 5 20 10 5 45 0 0 0 0 0 0
2016110561 30 30 0 0 18 0 0 20 20 20 16 11 87 0 0 0 0 20 20
2016110562 30 0 0 30 9 0 0 5 20 0 0 13 38 0 0 0 0 0 0
2016102726 30 0 0 0 0 0 0 5 20 20 6 11 62 0 0 0 0 0 0
2016110564 30 0 0 0 0 0 0 5 20 10 10 4 49 0 0 0 0 0 0
2014100836 30 0 15 30 30 30 22.5 20 20 20 20 20 100 20 0 8 10 20 58
2012104003 30 30 0 30 0 0 30 20 20 20 20 20 100 20 10 6 0 20 56
2017102832 30 0 0 0 0 0 0 5 20 20 0 0 45 0 0 0 0 0 0
2017104023 30 0 0 0 0 0 0 20 20 20 0 15 75 20 0 0 0 0 20
2014104148 30 0 7.5 30 12 30 30 20 20 20 20 20 100 20 20 0 0 20 60
2018102141 30 0 0 0 0 0 0 5 20 0 0 14 39 0 0 4 0 0 4
2013104116 30 30 0 30 30 0 0 20 15 20 20 12 87 20 20 10 0 0 50
2017103067 30 0 0 30 3 0 0 10 20 0 8 10 48 0 0 6 0 0 6
2015103214 30 30 30 30 30 30 30 20 20 20 20 20 100 20 20 20 20 20 100
2013104125 30 30 30 30 0 0 0 20 20 20 20 20 100 20 20 20 0 0 60
2017100572 30 30 22.5 30 0 0 0 20 20 0 0 14 54 20 0 0 0 0 20
2018102249 30 30 30 30 30 0 30 20 20 20 20 20 100 20 20 16 10 20 86
2015101028 30 30 30 30 30 0 30 20 20 20 20 20 100 10 5 10 0 20 45